2012,2013,2014,2015
,,44.73,44.59
44.16,44.64,46.05,45.81
,,45.29,44.99
,,47.26,46.77
,,44.93,44.63
,,44.48,44.19
50.96,49.97,47.29,46.78
,,44.86,44.67
,,45.11,44.87
,,44.62,44.24
,,44.92,44.62
,,44.32,44.1
,,44.84,44.68
44.15,47.12,48.35,48.05
,,44.36,44.1
,,44.94,44.68
44.44,44.39,45.86,45.45
47.9,47.95,46.33,46.09
44.95,46.74,46.65,46.24
,,44.98,44.72
,,46.56,46.03
,,44.79,44.41
,,45.05,44.91
,,44.89,44.55
,,44.38,44.16
,,45.35,45.12
56.16,52.62,52.14,51.19
46.34,47.75,45.58,45.25
56.48,55.8,46.87,46.27
,,44.93,44.38
,,44.46,44.25
,,45.31,44.71
,,45.28,44.92
44.3,45.73,48.41,48.24
,,45.3,44.92
44.26,46.1,46.6,46.52
,,44.65,44.34
,,45.24,44.95
,,44.29,44.06
,,44.32,44.04
,44.93,49.1,46.84
,,44.73,44.29
,,44.51,44.33
,45.2,51.44,51.36
,,44.6,44.38
,,44.74,44.49
,,46.7,46.1
46.74,51.31,46.37,45.88
,,45.13,44.84
47.61,47.98,48.25,47.55
51.7,51.52,51.66,50.4
,,45.06,44.95
,,45.31,44.92
,,44.63,44.33
57.57,57.77,50.64,50.11
,,44.4,44.16
,,44.36,44.08
57.95,62.84,48.45,48.0
,,44.35,44.16
